1000
-108 -111
-174 -332
360 -156
214 -235
-483 -128
492 -209
-281 -322
66 -313
258 434
247 -55
163 470
-361 -120
272 -472
33 131
243 259
113 -164
449 -473
-166 290
233 270
467 -247
1 181
218 115
-382 306
-281 -59
83 -32
495 8
283 197
-55 419
40 60
-28 -374
148 -109
-97 429
-297 -397
139 -257
344 335
435 -8
5 4
228 162
483 -20
447 -355
399 494
347 495
10 485
-377 -165
-13 3
413 -347
-498 -389
466 200
-94 8
202 -492
241 -51
-495 -305
-208 225
260 -313
-74 446
310 217
426 79
-129 -431
-163 -108
478 70
-346 -469
-378 -31
-172 -147
-353 178
414 26
340 183
126 425
386 -102
261 24
-360 238
-464 -131
-175 -426
-433 -481
-34 -350
70 -196
65 -65
-475 -377
-171 -143
-358 237
329 239
494 325
-341 -108
-235 -446
185 -203
-49 38
-446 -108
132 36
292 216
356 -398
-418 -161
467 -135
221 161
244 -389
-131 442
-243 -400
-123 491
88 -283
197 109
425 418
-45 436
451 157
-120 -340
-202 -80
42 355
427 124
-350 419
112 369
-90 -62
-330 -429
-63 303
383 402
-410 -350
286 -66
-372 241
319 285
-109 187
-315 443
317 59
50 -435
-497 -109
-167 466
198 434
407 -26
455 276
-32 -428
103 -316
-474 39
-351 -400
340 117
-170 -399
-47 33
110 174
-223 -141
436 -228
317 -26
-112 412
-375 270
407 -231
246 228
-499 -132
-410 -64
218 246
61 458
-55 241
336 317
477 99
53 -144
247 -159
90 473
-437 292
369 -488
273 58
185 110
-441 -293
-344 473
-237 -42
292 69
109 224
-431 -80
-245 225
-132 -231
-377 379
-385 -58
59 -129
197 -406
-379 358
13 -121
-275 224
115 -467
403 -59
441 -345
-67 -186
-10 422
-402 431
389 -236
243 443
318 183
183 12
417 249
254 438
262 -40
-298 22
314 -274
-175 188
-116 335
-185 170
-50 -342
-103 -376
295 247
256 254
-219 -436
100 477
16 331
-360 98
-327 347
139 320
409 225
-454 -303
-498 -446
-304 104
384 400
111 446
130 416
-144 -472
60 -324
-9 313
-283 -255
-278 -335
-50 -233
-392 210
130 -312
-426 -462
-143 23
204 402
108 7
-329 -366
-413 -419
-449 -58
177 -229
-207 370
433 345
375 189
-222 138
226 -211
-226 -88
-286 -441
368 277
260 -144
396 -384
-326 -171
16 96
225 -412
360 200
-228 -202
-104 -281
109 401
-134 291
444 -211
-81 -255
296 147
-302 443
290 45
256 -298
-319 -34
268 -457
-217 255
-185 10
83 -277
-212 135
184 352
170 -134
-149 -349
266 -20
481 -378
48 443
167 288
-361 -197
-317 177
317 407
216 -328
-418 200
-377 -268
348 17
-352 -373
59 -75
-288 -262
203 253
53 242
119 -454
500 -405
-470 -205
-149 -440
-159 436
187 38
355 -213
429 -190
61 304
-170 71
275 -48
-283 -192
337 -2
-151 -200
-353 -401
-225 -381
211 -480
-168 1
440 14
146 -393
-324 210
-339 -39
303 -177
6 40
-145 -303
0 404
-408 -12
-3 102
-335 -202
-363 149
-389 362
-490 483
-318 -62
177 -197
454 408
117 153
291 489
53 245
435 -409
380 -314
-18 161
-231 -113
-472 -255
-35 -351
-439 265
441 237
370 -429
381 -316
330 -108
-237 165
80 -155
-102 82
-397 -10
447 103
38 -394
261 319
191 -437
-435 -371
30 442
-359 5
-237 460
474 -307
384 -34
497 -277
-419 -197
-445 340
283 -240
-211 -67
-216 -421
-345 130
-71 -7
141 -199
214 307
376 170
-130 -476
-356 173
-44 -294
-374 -384
425 -122
-330 204
265 489
331 91
98 253
313 272
334 -138
209 298
-54 -461
103 246
318 -171
302 481
285 491
354 -281
479 414
191 -397
474 -200
-121 355
272 260
-184 126
177 10
459 -235
-128 58
-383 404
-237 -70
-432 452
-91 -203
307 -242
342 202
-128 -203
250 486
-301 80
-498 -257
48 -308
-450 -201
-82 362
-100 -215
407 -438
236 75
187 -245
-197 159
92 357
293 -216
108 -99
325 -186
434 -27
247 -315
4 -442
305 160
-434 450
233 70
73 -342
248 -281
31 -399
52 357
467 428
163 -167
-67 -90
-77 -136
-221 323
-226 226
51 -47
451 408
-283 -57
-408 135
229 -77
315 -219
405 331
-112 -153
-398 -17
141 92
-155 225
121 234
498 -381
-494 283
-371 148
262 -61
-112 350
178 -151
-463 183
-362 432
464 -199
305 49
-65 -328
433 286
-230 -8
-182 493
61 225
-48 -313
-107 448
-184 452
438 443
48 13
44 -120
439 -378
294 -190
-153 278
332 -278
183 -324
-399 118
205 -104
-117 344
-215 -269
343 6
428 395
-454 -431
87 199
483 436
-288 -340
-220 -285
-409 402
95 -139
-176 -50
-324 -72
217 44
392 -392
-62 432
-110 91
-380 297
48 4
-470 -301
294 346
-476 408
-186 -124
-37 475
-205 -261
-49 -368
-497 -132
403 443
309 136
146 -93
233 -350
-485 -453
435 341
400 -331
218 -209
-411 -261
397 470
-85 -332
-380 -90
180 247
-106 252
-136 374
-356 1
438 242
-262 -298
-313 -361
326 -15
-355 -371
81 -254
145 154
410 348
-55 423
-142 91
424 -99
-398 -482
23 -429
280 -127
-119 80
-207 -5
-235 -121
464 102
-468 12
-444 432
338 473
80 45
-486 173
380 95
34 338
-383 331
-338 -343
-334 -183
240 -420
254 360
-459 232
26 27
-470 237
354 124
77 -100
-192 156
376 404
269 -324
393 -352
277 -381
-307 -456
-488 -84
-470 -325
402 -494
-220 126
3 395
151 84
-182 223
451 -55
-243 -148
406 -228
-124 112
3 153
100 249
-224 -335
271 276
77 -97
-304 128
336 -313
164 -50
398 244
-92 -128
-52 -154
-353 -125
259 -81
-363 -174
-166 -215
-458 -200
125 -218
24 338
-156 -469
176 -386
374 57
-49 468
444 105
478 -360
-262 500
-227 -23
184 92
188 218
263 -5
-499 290
470 270
-432 369
100 245
-210 -223
-368 -375
-262 190
261 235
-71 -244
385 277
330 -3
444 479
329 123
-458 -263
-75 48
25 -344
129 -33
94 295
-416 -498
-93 226
441 -373
298 490
-390 -200
261 352
393 228
-35 -184
262 -40
-15 468
-36 202
-52 -247
6 17
-9 146
430 -369
-114 488
-463 -228
-385 98
398 4
276 -249
-339 -305
-206 -291
-188 -272
-230 492
-59 157
140 157
-277 346
292 -239
99 -6
-11 143
224 -380
121 -403
254 126
-6 -95
-280 272
-373 293
309 439
128 -434
421 244
-379 -33
346 105
218 239
-118 295
-445 -413
-96 343
-83 345
394 -397
292 -110
61 -272
-390 -285
-84 -5
443 -383
-104 469
-220 -154
105 -460
-111 -436
-205 -385
453 -499
500 -139
-156 -475
-391 -253
-331 92
248 -160
-325 -412
497 103
115 107
-475 -343
327 85
-431 404
353 370
100 483
-300 399
-189 -341
-213 44
141 -56
181 -319
410 402
344 494
80 -385
-86 -35
-387 462
423 -322
-104 -155
-411 15
243 -64
179 326
401 7
240 205
133 -262
-289 240
-485 348
496 -395
-377 -343
290 465
171 116
-75 363
-497 450
-308 -25
145 93
-441 354
268 430
-137 213
404 -310
362 392
-313 -72
310 -20
207 -204
-214 -460
-251 -165
-376 -495
-121 427
-1 457
402 -338
229 340
307 -356
-78 146
-194 25
-489 -324
-46 402
-243 462
-20 319
-37 -91
-288 -490
423 195
294 -436
-147 -372
104 -272
-307 -213
-102 230
335 454
-86 -235
-478 -300
95 46
466 103
-490 265
495 -423
-184 -27
-110 239
303 164
267 308
439 -63
-483 -444
313 143
-253 494
-101 407
412 -68
-477 341
-118 74
-214 -88
-415 -127
485 204
298 207
327 246
359 365
-269 171
-63 29
-188 469
-235 -51
-113 316
-451 252
-56 228
-158 -96
-390 176
-145 -374
443 412
218 23
347 -57
243 -13
-219 109
-153 252
-227 -305
-354 384
-486 -219
280 -452
197 410
334 347
-145 50
309 167
122 -405
-483 -257
-338 252
135 148
187 -418
-82 409
-290 382
-307 -328
-164 -476
-218 -437
-213 412
-430 -291
64 -289
-124 14
203 -244
167 -188
-305 328
360 245
-250 -337
335 486
-238 445
-257 -266
-355 350
469 -436
410 -98
-3 233
52 -329
-337 -44
244 -115
-95 -319
-176 -217
-250 -420
-417 348
-268 16
-135 398
-325 -233
-357 152
65 260
456 -400
195 493
-301 -359
-138 486
-470 -271
-484 348
-356 -263
378 -224
210 -258
61 235
-461 -70
460 -220
-422 -312
-319 475
195 443
-470 -471
11 -399
212 94
-252 -343
-433 -233
223 270
124 -190
-484 -97
-174 -161
181 -179
224 309
18 256
-219 461
-211 158
308 303
309 41
388 104
-96 132
-45 45
448 194
-470 310
201 403
-189 -150
-103 -189
-209 -94
-43 361
396 389
485 -295
451 -200
-226 238
-200 471
318 -376
99 -51
-76 173
-20 188
220 -104
467 -23
-470 -301
-3 -41
447 -119
-493 -82
-121 -443
300 255
291 -256
-486 -80
-127 -461
402 -401
-335 122
-195 -444
59 297
-52 -281
-76 198
-328 59
-432 442
-41 -18
297 -83
155 -210
101 -235
284 -87
245 235
-154 248
18 122
397 -22
-301 133
28 369
113 -261
-498 347
-77 -359
332 256
141 -459
124 290
115 107
474 229
-60 -434
-279 -363
-78 252
466 -241
-99 -370
-123 -83
-425 -101
493 -447
-358 160
166 156
-394 262
-470 388
439 -184
-104 392
194 87
294 -375
-32 315
-259 -360
500 -23
-373 -442
-426 364
23 -389
98 -431
-124 -242
74 -213
376 -482
240 -225
175 387
-392 -403
312 404
442 -444
17 142
389 289
486 381
-209 228
-203 266
-143 -425
109 -335
-201 -29
77 -466
-370 -160
-119 396
45 97
-338 -199
190 -405
-257 378
-178 -152
376 254
-408 -53
168 -23
408 -358
292 392
-46 403
141 -141
-341 -451
372 436
128 -252
36 235
491 -8
173 451
-332 -173
-271 421
51 269
143 478
-317 214
237 200
106 383
155 -214
-250 -131
-309 437
-414 -365
84 132
413 51
357 -170
267 -56
-114 484
-387 -229
-69 -143
-444 -472
162 -277
-221 285
187 205
386 439
-129 -10
143 376
-359 290
199 -175
-214 450
-318 223
-383 -214
-268 -251
-298 -360
-161 -370
-161 180
-122 -306
-364 480
293 -380
157 461
-308 270
380 231
-414 -135
157 -97
62 -14
370 -173
169 62
66 -229
375 -445
65 -493
