1000
6919 99404
92092 2825
23487 86307
35352 89904
50513 57769
27085 24450
28049 51462
75670 28520
28665 25437
27957 13309
71979 97927
61374 12989
9078 93260
85071 63500
99218 82397
3037 11936
19782 31024
99306 24715
81225 80153
66067 84169
67173 47938
74982 48131
60791 49543
85713 57342
12083 93136
20788 59907
51557 37580
28152 8652
35634 88454
76730 81991
76605 89767
73632 68458
72485 20584
21612 13651
92940 25105
8910 30299
14674 31987
58131 39895
41920 81951
49020 95305
85824 28193
1706 67818
27081 63356
70708 42540
14041 58339
70139 54992
71708 16209
68373 23203
59017 48710
83429 52437
25643 68703
66796 12152
31292 55377
46553 54353
72397 57569
33436 19774
68643 24259
10456 66500
64284 67949
62902 18739
23695 29495
40566 96408
46866 40785
70817 58464
43060 46049
9434 43940
46986 35543
67378 81813
22343 52879
87579 12581
2437 34691
26772 98544
86336 78826
7875 20517
32897 48881
82946 85525
80281 33652
68464 38934
35267 7418
20647 74356
70028 98826
96526 41429
63854 70285
55204 82055
59512 38849
33469 38601
68105 56343
5322 23155
34363 68811
75248 58146
99357 80478
36315 11108
96185 87441
77612 93596
91220 8639
79725 7763
17619 57271
8741 98011
84507 46677
46246 19937
52273 57500
92836 84687
7072 12563
36672 88859
51800 16249
91171 47855
79380 71814
62886 34261
18516 75999
69870 54591
88585 36373
88885 83313
28623 1275
20579 53100
17172 19011
57692 37143
38903 89716
65938 58412
91532 85897
7707 79420
17627 18633
58558 6624
65192 1534
73895 64349
73966 9332
80122 58515
90949 99441
86244 43874
2371 29035
65037 17849
24894 52170
85641 16989
37006 54459
87437 74995
89329 5614
86911 16810
38217 51118
76455 74376
10752 24186
56770 37999
93163 11460
24053 56171
22796 59045
98014 64027
52082 33754
95461 34105
13052 12352
72530 84392
11738 46600
18425 25849
44148 70678
44560 66682
57156 49724
78337 32828
42558 53422
7898 92479
58224 86082
37186 89724
43236 49222
25414 88334
49794 54269
37650 -386
11506 70967
7995 80874
36256 5804
80504 7026
31064 81429
41809 23198
92753 86536
98864 96111
63046 31182
16916 30305
11551 96802
55813 47833
53422 78792
53154 41905
91894 82919
39413 62973
71174 49092
17576 94169
2562 54557
20912 47505
84002 38143
77671 33292
28692 54821
74425 74742
75805 57390
82709 82313
89725 40216
36355 77079
26673 22047
70356 29271
50353 58028
73908 86729
86041 78876
19452 99336
44709 98062
88868 28203
96662 99240
35702 2167
48721 97095
70239 11365
90791 76705
58910 78315
34991 19098
71326 38666
19438 21758
96705 70964
93625 35649
60562 49399
66098 36305
34428 54475
10510 13396
73785 53652
11703 24612
25058 19987
59085 79587
77734 9967
82183 36477
83958 1756
62647 21017
72668 35878
4972 64571
39276 83132
29713 78617
5171 95515
33810 25528
47596 4182
9119 15010
54706 63455
52585 9414
21263 2517
38634 73165
18354 84041
28129 70932
42527 1007
77115 843
2625 21406
22445 52361
34459 72835
64189 55689
72060 24585
89760 18181
25136 94205
61854 76781
99027 12769
74482 70276
13920 71183
42093 31608
35880 65511
17594 74812
38558 31831
23773 34083
92112 10023
32405 62331
40688 61918
84160 8932
79184 97268
83582 75084
80907 55476
10637 48648
99488 76205
76083 23856
76154 47095
31003 41752
62475 32605
73686 34055
39927 27562
24067 6806
35564 69236
69449 4966
65328 12096
73536 82142
58003 80464
70416 59424
14531 64752
95090 58727
15166 86169
28594 32288
20865 98943
59702 7457
22303 82142
95032 47818
98222 14908
79087 10999
58812 15290
1228 34239
56831 74844
85056 84812
65225 38547
92795 81367
50202 31236
89135 32031
32495 63799
34803 8262
95065 24989
19811 36265
76169 37118
11749 22009
56519 57471
7367 90970
63425 21741
2915 24856
67520 11688
96452 15233
64983 18223
76963 48612
97941 70500
37066 58179
63002 49755
19801 37943
48453 36100
74343 92577
36428 98707
26752 39688
83205 28552
34797 48020
58561 49728
54354 83526
63417 37400
72432 68210
60992 95897
40171 35802
11799 71684
85605 92072
30240 93018
19081 61639
1707 89225
1252 57311
39276 847
4366 52043
75565 77068
65927 61561
40351 7176
34428 27261
37388 19134
41608 89330
79016 14884
63351 39758
92518 23064
97190 72737
22375 74120
67462 74186
41837 58398
57440 15702
5549 74662
48050 13526
58595 59230
94807 33915
55007 78745
40005 48529
87582 14831
17616 77365
88628 5253
70988 53557
83364 8884
57360 89602
54098 37337
63381 15796
33615 54297
5021 4411
91604 50062
87057 19325
2634 10514
93443 69809
93126 86598
67506 60022
31890 63776
15052 528
87846 93520
98382 30209
94070 17389
50790 50592
45125 55424
72378 48025
7127 46732
23457 37729
59524 83513
19503 5235
50696 50684
59918 63180
85943 54628
35399 11808
20398 22084
58656 60855
94373 9432
62336 94119
87136 52822
78606 81294
20613 70610
4056 73037
79623 86637
98415 91196
75777 4763
19086 82574
84735 45456
74940 16802
32790 68903
22151 55394
83860 97519
42033 88796
17938 17202
68295 11323
4806 25922
60683 60545
80980 19074
10003 17859
35269 16527
83914 15265
74480 26218
43509 35488
-268 3107
18064 22054
95912 92514
57687 10994
82057 10997
23009 87829
53715 11122
59270 72913
62187 13799
13825 17900
77304 97094
75312 14769
22834 27622
22968 20835
50995 85720
6534 20607
65771 25831
94224 84077
91887 11242
99482 1826
2641 93898
90549 72790
40491 17387
13794 4541
46452 65593
65876 85764
70581 27023
10930 12073
62229 5447
55964 65911
54736 17401
88229 94493
50759 96050
18047 10858
5137 31731
29461 71496
43504 10178
1009 11058
60030 62194
18366 7346
63941 28458
43815 97051
82094 17780
8798 81024
68977 7620
7673 26704
26763 59715
41559 10735
61966 68407
94017 31346
26962 10480
82699 53942
80233 81586
49465 6525
30128 27802
41759 53894
29826 1103
30496 86568
9415 88679
63224 69483
1993 28243
25525 71747
3879 22344
66080 95785
15490 13066
34298 55480
34900 69942
66113 59169
82497 70381
79570 68172
89798 42169
16520 2955
85550 58589
80898 37916
19044 71421
71395 86300
98498 45414
65683 20451
51175 23004
67299 59839
75496 64703
8878 52560
13981 45433
74362 11549
17404 -249
44830 74258
47331 72897
87742 52951
28014 37383
23377 1422
68201 77321
2020 65160
64928 88051
63095 53732
62962 85012
30309 2821
70435 55498
66081 85999
1936 17260
13979 54846
14366 97140
24770 19235
84012 5702
52676 75868
99239 75329
85841 41231
5147 8096
6622 8195
20390 53133
47461 43675
53769 37444
44489 57295
62681 88416
50807 15464
10898 75556
6472 6040
71658 75272
8867 5332
89891 59901
18559 95504
53178 30111
74214 18837
82301 15542
2741 60001
98010 74953
12353 17019
23410 25120
62611 24593
44204 59892
76788 57296
85638 70325
81412 48831
6246 70679
53603 20632
86030 86522
83986 27941
68558 16149
92180 89427
13300 37471
46959 45077
64222 61145
95663 23224
8336 72123
56297 98814
71201 73753
82108 59482
9360 75954
70515 53927
76116 85334
38120 25348
31632 90865
87554 29872
4261 70935
80511 52894
28386 49838
79821 68373
79607 33555
64147 83527
41639 22442
27884 16748
73820 86309
2259 71386
78740 59184
2394 57251
82361 53079
94868 57291
15758 52149
49235 96581
49797 92634
97675 32137
53613 78775
13430 79252
10377 81161
7409 13755
50300 48608
65827 30253
52000 79148
44701 93445
90038 10595
34781 66825
60120 9168
71565 31074
50283 98427
93480 98584
52912 5233
52733 73321
73912 61520
54443 98565
66935 37969
54221 60841
75538 22995
70959 86326
17491 26624
80958 87022
14587 63198
5663 91083
63735 948
35445 56508
32971 33302
65062 37116
60522 58480
46807 42608
38216 67243
20691 92797
23911 89310
14635 45796
15949 89812
13719 96924
20087 42006
23866 17066
16166 25494
83524 48702
93592 50711
6930 -211
8018 48731
12176 18151
49369 26443
48606 73781
11968 83133
44144 62257
67259 17573
11727 69441
24562 32474
94941 83761
69105 85603
71414 18444
43292 32446
23921 14327
48000 96173
21126 45642
18725 71390
25802 30796
6463 57206
14998 97866
71684 78617
198 56211
92024 63768
53597 26483
-253 58007
68421 61930
73668 84250
35732 29672
79744 80107
41514 80392
51347 30283
18743 38726
19270 33491
48218 95166
82913 35653
25507 41891
50680 83892
23322 56792
8929 22860
64185 590
8038 62368
50708 49435
61878 47375
73273 52211
66230 78161
70194 54854
58228 35011
79304 91414
47804 87853
88705 10867
77411 48333
31050 7764
90369 61058
98063 69716
83388 76950
87047 29447
53631 94568
12781 80952
16905 74294
49193 7968
53250 33284
5966 24069
81032 16363
18364 19885
91336 67553
39237 29661
96873 26816
81997 20274
75426 60630
71018 51067
87115 60329
46059 36337
63440 -188
73429 14804
42914 63747
86569 22372
54024 3255
54273 53465
13620 49718
61625 81183
95600 40770
99242 92273
95798 64212
37777 87921
43711 34181
72751 75489
94739 42265
15562 19137
35199 16168
21680 11461
33445 9002
15227 23890
12269 81887
61968 533
41977 75448
13858 4001
50359 55493
339 40323
23599 55452
21211 2051
45468 16003
73249 56793
62200 81914
94598 32874
82863 95528
95649 88894
33142 64384
74597 1823
39220 1871
51838 34799
20158 88517
73914 22310
34145 52382
87333 41447
38072 94380
88973 30590
77278 95491
51109 91737
17437 62592
92484 33472
30597 47287
55853 96626
69240 15608
97929 80541
61730 21276
39888 19162
14950 62002
26311 835
5523 12768
70244 58737
74005 31096
65037 99126
14344 23962
61662 90804
29096 30880
83880 80472
36771 73610
78455 19479
10992 1413
15948 68355
59737 78906
44490 63625
83124 64593
11596 30667
15408 42113
14355 64181
94282 84213
51869 1182
3070 63132
51536 83101
25883 2508
58839 84581
97359 90932
14051 -1
31554 42781
11059 71874
14815 11293
56270 44178
17421 44728
26125 67666
18748 74130
97526 63719
65306 46069
26627 79498
84677 49788
74048 55433
6523 87546
60595 14204
1357 79530
13559 21407
65106 52372
23681 21489
77015 76920
16227 6631
6869 92346
64142 39117
90907 43082
78482 17242
29386 42862
78625 69199
26272 54959
14546 1965
69547 64125
16450 30448
43583 52032
86932 45707
29955 55324
90905 76801
13862 25727
43883 19261
53263 1867
91155 95055
92466 7547
44938 1028
1438 24211
50045 61024
54035 90088
53065 57115
99089 57001
5446 30165
91403 64457
63585 10423
17947 39338
39169 57640
10351 21128
714 97832
14561 94559
25024 93261
71428 27897
89059 3479
99130 69272
66969 11986
73730 7709
51402 69864
3215 81010
55621 68416
61652 49978
32799 80503
82556 48819
58299 9753
16502 27429
54565 8348
20781 58474
33881 79866
97493 97146
82881 57641
26273 26065
73659 74200
95218 34655
46680 30472
44746 56653
76161 88964
13119 91431
22325 42495
54922 57354
45933 94185
45919 68011
34048 93133
55192 98721
5282 69034
70218 52528
77287 92556
56952 51
8102 54790
44294 30597
49208 24143
53542 54092
19136 15958
18414 18435
89668 37539
15179 69795
33306 58507
72847 77837
78270 76527
53285 56246
85023 52850
37221 48015
70138 6933
11267 6736
46205 95857
9346 64641
32366 31441
51398 45765
43428 90121
53287 94211
31443 87574
38882 35378
17893 2804
47529 12256
96676 75670
34330 51423
1652 26629
39117 20141
63357 25176
26150 77310
70918 32685
30059 99016
61373 92129
23824 71051
22707 78705
28846 41467
60132 40238
45906 72203
71764 74679
57233 1080
55029 74549
52601 30735
62533 93496
82723 12860
5524 26665
85093 26416
79172 55660
15268 7182
26665 1301
53478 89426
43024 50083
92165 92574
97019 78045
30112 4643
93258 93608
91115 75304
40694 19490
95655 5562
84662 86270
53581 17744
8965 57404
30371 22010
75387 54212
24881 84550
70871 97855
69677 82158
58910 54803
37106 78817
65245 58841
54991 28460
70859 53372
50748 37221
19466 77903
71464 92180
29740 83084
27822 69439
-495 16805
46757 35600
6574 77033
77174 24453
16618 87157
23081 26131
69923 2099
50808 76632
15374 24308
11845 54268
82843 4774
31783 70467
88054 53074
24351 78450
92233 74900
54154 40091
26271 90360
27727 10918
34947 7022
87448 88606
73479 74281
29277 63382
26754 63001
17563 60214
52977 54211
13124 78694
82077 32794
98449 29941
36349 11261
21554 59014
73458 26765
84261 56344
18608 59336
16933 94737
30109 90887
52186 59174
94802 29552
52014 93705
72254 -295
94848 78416
98730 54106
15601 21310
65655 63085
31068 592
85220 97541
88707 78950
59595 58248
93444 66251
88587 56363
79338 6243
88064 28744
91616 32497
80974 64670
6272 32162
28381 72486
