500
-25017 -31201
11582 -16690
-3861 45604
-24144 -34288
36016 1794
-6633 9755
-8632 44156
44020 1589
-34267 5627
-28716 4646
-44961 -15912
-6993 30292
-33660 10710
-28352 -23794
-48484 -5909
-15966 35582
-43336 -47616
23683 -14815
1527 -9970
-12473 -28941
30324 -31928
23260 37635
27632 1175
12405 42598
35831 36768
-16122 -46329
47058 -30
-19973 48476
38504 26300
13557 36404
-47503 14379
22338 -1364
26521 -33391
42328 46880
-18738 29905
-26130 -40737
-1114 11191
11574 -32072
-24465 -26859
-30117 -8271
40564 -13657
34387 -46346
-2199 -34920
16577 8110
24916 -12066
-41526 43561
27256 -28256
-4047 19317
-289 17048
48465 49936
1987 -8461
-28169 7640
377 -45836
34970 45342
-43014 5081
25560 5689
-12336 41334
31534 -44713
33465 -13475
-1517 -1138
-4197 5888
-39406 49873
-31068 -723
-43678 -16482
46781 -15177
-19901 -32396
-8149 19253
-1129 -10174
1921 18148
-19237 40538
48773 -4088
39361 21732
5629 -49840
-7956 -49777
3958 -48234
-35994 11938
3953 42566
-20127 -13103
8043 37046
-42584 -12533
24039 33588
-12735 31600
25849 -12034
28547 33504
-16014 23689
21966 -31345
38179 8773
-22198 29684
-45264 -2024
-20257 -26175
435 29383
-38450 22700
714 10804
-37460 -11252
47102 28544
8633 1440
-39279 -22095
3616 22665
-49053 45839
-39667 -7689
-38880 23433
11365 -49247
13897 -16619
-5881 30094
-34242 -32876
32190 -28175
20006 18003
31583 7442
4154 25486
-37498 -38170
36052 44143
-11641 -7616
-11825 2036
-47469 46881
-34245 -44113
-43670 -20597
23871 -12026
27671 9044
-13109 -19109
-276 -30634
38778 -48410
-7270 -49309
-18944 36159
8109 25429
8374 40856
2083 -24380
-4289 -13402
19783 23376
-41451 -29056
35246 32030
-12843 33055
19373 -17504
-38044 -33434
-10251 -42131
-22628 27004
-43763 -20752
22552 20
28202 10140
24120 -25234
-14708 -28420
14160 41142
-11880 20104
-1613 -41847
-10866 -588
40088 9944
-32026 11587
38790 49446
9100 22330
24962 22987
39285 -22481
31729 -6757
29917 -8577
4908 161
-31585 26654
-5824 -25820
-10832 -40182
-35682 -48532
18328 49689
45574 4030
-4658 -42672
49098 43874
37519 -20299
-22590 -32282
-22598 -38212
47949 44379
28011 32862
21918 21757
13842 23752
-36438 24561
-17777 17264
-9748 47526
-21971 -24830
-30477 -32514
26680 -6248
-29910 -9530
-10692 -36312
45953 19361
5883 -2665
39229 26275
45611 23851
121 7001
-15958 -41537
-39658 -26170
45182 -23793
15399 15815
8077 7155
18482 -20456
47894 25737
22499 -9168
49867 37323
35315 8231
-18932 -21185
-36016 -27847
-37696 -10483
-23030 32514
33778 9259
-21734 -32216
21158 -11500
-4690 -45384
-5993 31160
-10315 -30455
-46130 24717
23140 -11939
-29567 -2013
33538 -36826
-12507 17461
42519 -11387
34673 26906
38891 -7987
29938 -24485
-3234 46215
-2908 41248
-42140 10926
27188 22372
38330 28890
43407 -5817
17994 20442
20453 -32287
-26026 8154
-16864 -42797
-11067 26212
-20421 42586
-48377 34243
29089 14045
-30841 1859
18084 -28122
-45044 -47243
32630 -6355
7179 38510
-26681 -19632
-42483 45710
-7909 -40673
-35591 44286
8903 31475
31518 10002
10056 4095
-18306 -37969
-5855 -43554
-24518 44166
28815 37836
-8554 -16482
-40118 -35119
3785 -10000
24058 -23144
-26460 -20308
26419 47870
15420 21401
-753 31269
5142 -18727
519 8232
-47666 -13398
-45075 45737
-2109 8457
-31415 -5786
40418 -31854
14862 10346
10894 48546
30137 4896
-35703 -47587
-4955 -7261
34434 31339
43917 44208
-21381 13214
-48129 19101
-16971 -28465
40697 13859
4954 26118
41188 17014
-42969 -26985
26537 -47595
-32556 8105
-38060 23613
-44798 -5965
36036 -15368
-19168 14272
-39637 -36269
35257 -35599
22632 43565
17021 -30463
39775 23467
-23158 13860
26354 -48824
23864 -29560
6174 20170
44542 5534
-4299 -38384
37988 46898
-40365 -38841
36454 -34891
-34017 8476
19073 -4484
7712 -20085
-6179 45377
-647 -10282
-23177 38087
-46941 42514
-19926 38492
-21019 39035
45241 -41609
42194 33096
12764 -16192
37632 44153
47589 -41201
26976 -31571
-26802 -44756
11327 11120
-3360 46678
9944 -45071
40514 -7297
1587 -39055
26813 -18540
-43554 -8681
9000 33947
10567 -27711
-23020 6069
10003 30069
6742 -7486
13086 -25514
-8724 45444
-8881 36530
-1746 -3076
-48137 34584
-42765 -19759
47879 32519
-40163 44463
2891 -36639
-7198 3499
33254 -29058
-26953 38853
-48757 381
-31301 35366
30005 42293
-23234 49769
-28092 -44598
-10260 6326
22933 10300
30554 20937
-42372 -29127
42732 -942
-32704 -14414
-34304 46549
10132 -41942
36475 46545
-42834 16363
39853 -30434
40869 -28589
-34909 -22001
33260 47244
-49686 8695
29413 15226
-3749 137
-43164 -2899
14471 26135
25537 46678
-23872 24028
28281 -19658
45377 1205
6274 -1551
-32357 19625
33641 -2174
11677 49290
-17654 -43544
-38848 7572
35499 14174
36012 -26062
-28907 -44663
28011 -28512
-19888 10634
-9528 14058
14075 6419
-6622 -46572
-43964 20374
-44493 21555
-7606 3289
2807 11992
20076 -17178
31100 -28915
-10323 12319
6149 -36488
7431 9230
41722 -8708
40041 14971
27312 -27745
42959 -15337
16913 19559
10941 37332
2439 34077
-17833 -29705
1162 -6317
-34913 38022
-40989 -46047
13708 49596
47132 -21269
-16701 -44644
23943 21279
-31947 -6782
-42648 -27589
-47307 6452
47135 13707
38004 25527
-46026 24528
-46533 11134
-10685 35228
-43388 -26243
1562 -20711
47829 -899
-9773 -18711
36507 -20472
-3853 -18519
-21729 -30045
36761 21743
-13177 -37380
-35640 7090
33772 35001
1132 -37688
-19566 45263
18859 12906
10922 -34156
-46807 -2188
-17248 -10580
4311 -6807
-27807 -24192
-4486 -36684
36878 35630
39444 37609
7157 1049
-31151 -22359
49106 -4160
15663 10628
8482 -33044
38058 33625
12319 19043
19492 -36487
21469 36891
39534 -44406
37631 -17080
-28234 -31417
43831 -23307
-48531 -16411
22937 18033
-31533 -44496
-37190 -38847
20864 -9837
41162 -2572
-45198 42423
17675 -44460
45999 -35549
-12595 8759
-44298 -34078
7368 15797
-17882 -37502
35477 -43084
-34998 -31816
-19670 20928
-16257 608
-5648 38294
33956 -5630
30561 -13153
-10435 28145
34883 -21670
23748 10574
-44324 -21454
-2612 -37047
-1646 41743
35379 -44089
12128 -12920
-20476 10079
-9194 18902
-1978 -18722
30062 10627
-37147 30346
-26938 39873
-10085 -13756
-26977 -35496
-5286 -19098
-26159 -49513
9976 29484
12841 49932
25720 40816
800 39278
-23631 24909
-2343 -39977
29629 18469
24822 19792
-24896 -2530
-20745 31620
20819 -27705
-143 -46218
12460 37496
-48537 -49265
-17908 26519
42728 -24305
-1467 -20169
-39100 -38427
-7899 -43941
28908 -32454
-31389 -49095
-18395 15143
-1467 -35367
-28599 34054
14731 -48164
